# seed: -1707396800
34
94 96
11 0 45
33 85 60 57
56 39 90 72 90
68 20 56 95 73 43
57 80 45 99 40 12 55
65 56 78 6 30 40 65 5
80 20 94 97 10 70 63 88 69
5 65 56 54 73 41 17 37 57 89
76 71 51 86 1 59 2 69 3 87 46
93 80 13 7 0 48 42 76 24 75 96 84
90 56 72 12 22 96 30 73 45 48 60 67 75
3 27 19 13 79 22 14 15 44 45 40 48 26 17
45 10 65 5 30 58 28 57 79 82 54 44 4 9 82
21 22 32 85 35 26 81 82 50 81 66 77 62 35 9 57
18 50 83 44 34 18 52 54 29 75 0 39 42 19 48 6 23
10 28 91 49 80 62 11 76 27 13 43 42 35 75 47 10 47 9
6 50 52 48 84 1 8 25 91 44 85 38 63 6 81 61 13 40 71
78 95 7 48 1 94 75 44 26 73 8 31 69 2 36 37 42 63 69 18
49 23 6 86 76 26 25 65 73 79 59 79 39 61 72 36 62 7 95 30 79
82 57 60 30 52 26 8 43 94 4 85 52 61 16 83 36 55 37 3 77 66 16
98 81 67 10 43 55 13 28 14 29 3 0 9 2 8 23 41 70 54 95 73 45 35
83 19 57 41 85 23 5 28 26 59 62 75 54 29 18 67 96 76 16 92 42 61 55 2
30 93 47 71 37 81 29 24 45 63 24 97 2 77 8 99 49 83 40 69 99 45 89 55 54
7 1 60 87 26 86 94 65 88 46 8 22 35 96 92 99 98 67 3 11 53 72 86 52 4 78
94 2 29 89 57 65 75 18 92 54 6 79 69 63 72 60 74 76 45 2 99 25 92 61 14 76 55
59 77 65 78 64 14 79 47 45 15 75 33 58 71 43 50 73 78 96 71 92 33 40 57 83 42 7 26
46 99 75 39 38 61 11 88 67 45 69 24 63 86 99 92 10 67 83 79 33 21 24 33 74 80 61 97 90
15 18 0 58 89 97 64 49 4 74 54 2 18 56 17 65 91 36 92 84 18 38 11 48 94 91 77 83 28 16
30 16 8 96 36 46 58 37 32 63 36 2 85 93 66 13 56 20 97 44 26 51 76 31 75 67 1 20 75 50 61
60 12 97 68 26 72 85 88 97 57 29 92 35 84 73 72 36 58 76 92 14 26 63 62 95 91 53 46 9 76 39 38
87 99 97 63 28 4 16 47 41 17 47 16 77 43 5 65 68 47 57 52 78 42 84 68 77 14 49 50 53 95 70 80 21
99 28 93 83 99 13 0 58 90 45 20 84 99 33 21 46 39 90 45 72 32 99 18 21 50 46 15 40 13 88 34 91 28 45
98 77 81 62 7 19 77 31 60 12 71 81 91 5 81 0 76 64 12 99 79 13 94 57 99 23 37 8 46 5 18 77 47 40 27
86 28 17 94 40 64 65 12 34 68 50 79 23 75 94 37 76 0 46 85 18 21 32 23 30 94 78 80 40 31 34 32 34 10 64 53
17 13 7 41 19 52 20 60 23 16 38 23 59 73 95 37 20 21 8 56 51 30 2 64 25 61 45 41 45 74 47 34 34 46 86 91 64
74 92 15 8 90 20 83 95 73 73 76 64 16 55 91 78 3 70 60 78 31 75 93 43 35 99 73 47 62 94 41 65 60 69 49 81 1 8
52 84 1 95 11 87 92 1 53 95 53 2 73 97 48 46 92 72 35 43 98 48 83 28 55 31 91 48 51 43 29 50 87 63 24 3 74 22 19
54 5 94 72 1 28 79 69 88 79 17 43 31 32 92 33 50 62 69 82 84 15 90 38 54 91 62 79 25 13 24 72 99 8 40 19 35 87 80 72
95 45 96 74 60 93 16 6 21 33 24 31 38 42 86 81 4 88 55 30 94 24 28 38 46 20 8 3 94 7 19 11 22 26 60 26 6 11 8 79 29
20 86 54 46 88 58 40 60 91 50 72 73 99 25 92 16 28 58 75 63 68 62 84 88 47 2 40 96 47 87 89 35 24 21 77 3 41 15 5 6 91 29
15 19 30 24 79 33 5 79 33 77 26 75 93 31 68 76 67 67 70 3 59 13 69 8 14 53 89 73 95 83 28 50 40 96 53 77 52 54 25 70 34 41 44
79 73 70 92 69 12 94 86 98 45 20 34 36 77 37 87 56 70 13 91 64 90 59 91 91 84 41 32 87 29 38 48 17 45 53 51 97 51 98 40 21 39 57 55
95 36 23 53 68 31 9 60 12 99 73 42 48 45 40 81 82 48 94 9 19 67 23 53 1 48 43 8 16 25 34 64 95 81 2 94 76 4 76 86 44 84 69 4 30
73 97 80 68 4 21 98 83 29 30 95 92 58 55 53 22 48 17 86 32 36 55 37 73 39 56 17 62 92 91 54 78 27 70 94 48 56 96 77 50 13 41 93 86 89 25
89 29 42 4 21 48 14 25 47 59 58 50 26 26 4 57 69 20 7 41 14 38 37 46 4 52 97 8 78 63 95 83 55 99 65 29 31 29 87 93 21 70 35 95 92 86 84
68 87 35 6 20 28 67 39 72 16 48 64 31 10 16 6 69 82 57 96 18 79 90 79 82 25 57 81 69 99 48 51 70 17 28 58 93 13 97 65 82 5 84 10 34 61 80 18
20 48 86 83 1 6 56 41 5 32 9 1 86 4 39 42 99 99 95 45 18 28 26 89 59 35 46 63 25 17 3 69 88 43 36 66 81 14 34 54 37 30 70 57 88 14 20 97 7
44 40 38 22 70 74 76 51 26 27 52 80 19 2 93 92 45 45 86 69 95 71 30 87 31 40 59 17 58 93 67 16 34 7 81 76 46 83 33 27 26 43 20 3 25 87 3 53 56 34
25 19 0 58 80 42 15 79 5 35 59 64 77 69 8 39 42 94 97 15 30 63 47 25 90 70 30 41 26 98 81 99 81 22 69 72 9 63 9 10 53 20 81 37 99 64 45 58 89 43 34
13 35 58 84 30 12 33 95 73 11 51 36 72 89 58 50 59 80 49 11 2 42 71 53 22 0 97 43 21 70 79 45 50 22 57 55 54 13 21 71 9 13 14 89 44 49 18 24 62 22 57 95
7 44 79 70 81 57 77 88 11 38 5 95 89 53 59 26 13 46 8 94 12 86 96 84 12 65 12 55 26 71 87 11 41 12 18 81 73 6 8 29 95 32 51 47 50 28 49 99 7 5 51 1 46
48 16 92 12 1 51 30 65 39 22 21 51 64 83 93 94 98 81 79 44 32 16 94 85 93 54 36 71 80 70 63 63 11 47 7 48 34 83 97 5 5 46 26 31 66 58 27 17 94 48 80 15 38 88
47 79 54 11 6 98 69 42 73 48 37 12 3 3 14 36 45 70 30 93 22 43 37 46 14 29 14 98 53 16 74 27 38 43 7 71 57 8 94 29 62 56 3 0 50 82 55 70 45 10 1 88 57 52 20
13 74 66 29 59 42 75 96 89 76 73 90 83 13 29 22 24 87 28 88 74 34 69 4 89 81 27 35 81 71 93 10 38 20 37 4 66 2 71 49 86 20 49 76 23 58 29 69 44 63 18 78 88 88 76 41
49 22 20 28 0 16 0 12 85 75 57 78 0 99 49 15 98 11 4 96 30 16 15 44 15 34 12 46 58 81 31 30 2 3 53 15 4 36 99 43 42 63 70 72 32 68 45 60 41 64 69 16 48 55 20 5 26
53 17 32 89 47 9 28 60 5 87 53 22 63 79 80 61 69 64 90 47 56 11 27 7 15 56 77 90 14 24 50 74 75 66 63 61 55 87 5 47 19 17 90 17 12 79 78 86 32 56 20 32 37 83 28 24 89 62
51 32 3 94 34 53 68 70 72 5 4 53 23 51 22 39 94 94 17 97 0 65 25 36 13 84 69 60 24 40 25 54 45 85 40 32 13 73 1 85 2 57 92 91 73 72 41 70 20 48 48 47 36 2 51 47 46 70 65
23 57 76 0 76 92 73 47 12 67 36 26 95 18 42 86 13 15 98 80 48 92 92 70 78 90 53 87 34 98 27 89 8 93 90 77 52 71 9 86 91 4 20 1 85 36 88 6 54 89 22 68 87 64 18 96 14 76 14 80
59 87 66 57 39 19 91 56 43 76 21 22 81 28 56 65 57 76 18 7 59 75 78 84 51 2 4 64 95 8 81 46 45 98 96 81 35 38 75 2 56 60 16 99 1 4 59 83 66 29 73 26 84 70 75 60 94 94 1 19 24
12 26 42 88 38 13 5 54 25 87 94 7 74 19 97 65 79 19 61 93 0 16 80 57 9 2 93 14 34 51 25 43 46 82 59 45 29 12 93 98 41 53 33 37 44 21 32 3 5 71 23 28 52 16 79 65 59 29 99 78 72 6
65 6 41 95 98 39 60 5 97 3 95 70 74 36 19 19 48 8 70 7 3 86 90 64 84 81 26 21 61 59 56 23 81 49 57 98 34 38 6 33 92 55 0 47 89 63 30 20 68 27 58 38 64 67 98 53 91 81 98 63 91 84 36
86 0 62 50 80 99 58 36 56 80 20 18 70 75 23 67 57 58 62 49 62 19 52 43 70 0 49 17 37 21 9 82 34 57 83 57 43 94 92 38 45 15 16 71 41 35 46 55 66 52 71 92 78 34 64 66 28 7 61 8 9 48 2 58
20 2 5 0 48 82 91 95 17 42 84 70 86 66 27 9 81 88 95 89 14 33 47 63 71 48 20 4 25 92 44 90 35 77 76 89 8 72 99 20 11 73 27 75 31 3 50 23 13 80 14 38 86 26 93 10 62 6 75 96 23 71 41 63 4
23 80 71 97 7 85 93 56 5 72 63 50 27 47 62 52 49 31 14 34 16 39 86 97 59 62 27 25 4 16 20 34 32 68 98 88 55 0 10 31 84 50 24 37 29 67 77 74 7 8 77 86 40 56 83 9 53 13 60 85 44 94 43 26 65 2
18 34 13 72 74 17 75 78 40 42 45 97 1 56 34 47 52 42 16 76 19 90 30 19 88 90 69 81 45 95 96 0 68 30 56 57 5 89 49 76 54 87 92 41 10 26 66 93 33 2 80 0 24 99 44 57 68 11 7 28 10 58 53 74 42 27 93
60 61 12 60 4 46 87 9 92 31 23 23 29 90 34 43 34 98 96 64 43 53 94 29 39 29 26 38 74 22 23 75 0 84 61 11 73 8 57 28 73 73 48 49 97 6 30 77 29 31 18 66 73 89 10 19 79 91 64 46 98 67 56 19 21 94 5 61
96 0 83 34 56 76 68 44 99 0 66 7 70 93 65 22 51 18 14 9 98 15 55 52 36 33 20 59 40 57 7 52 85 14 16 51 70 51 12 51 76 75 46 16 3 52 28 32 16 95 72 0 75 98 76 30 58 88 90 42 15 15 92 46 56 35 80 25 25
51 31 44 88 28 46 36 35 38 4 68 81 0 71 88 27 80 95 46 56 8 61 29 81 36 92 80 40 42 7 35 23 44 34 73 95 16 95 28 22 1 72 14 98 74 15 32 40 53 15 54 64 26 63 46 11 1 42 62 15 3 89 86 40 9 44 87 96 24 11
51 52 17 13 89 67 59 64 76 1 76 41 88 32 12 15 61 55 66 54 9 83 86 5 56 38 27 38 98 84 30 11 90 98 75 10 95 71 97 82 13 54 26 96 9 53 48 77 73 28 99 62 15 5 35 17 48 19 94 47 94 95 76 36 96 15 19 16 94 20 75
97 58 79 18 12 37 3 33 28 2 62 63 63 0 64 18 80 7 34 49 44 63 61 37 56 98 64 81 15 36 56 56 69 43 29 93 74 24 14 95 2 93 29 71 63 70 14 16 26 8 80 61 84 5 45 10 20 34 83 48 6 43 27 47 54 49 75 7 74 58 13 79
90 13 34 19 50 88 85 43 79 20 92 70 0 8 45 25 53 39 26 89 21 48 63 25 48 95 38 99 27 71 17 31 52 58 92 2 3 78 38 85 27 34 82 3 88 12 39 87 1 11 52 52 65 7 22 87 23 62 12 87 58 14 66 69 8 61 51 17 39 39 69 17 10
90 38 41 43 32 8 13 46 86 86 32 50 36 98 50 19 81 27 32 30 45 56 47 18 10 28 87 73 48 5 75 9 25 21 55 49 38 39 2 46 28 79 6 35 47 93 52 12 93 58 89 56 78 10 7 54 3 18 17 62 50 80 28 58 26 69 3 59 12 70 38 59 98 79
81 32 48 43 87 62 49 62 68 99 47 50 76 8 91 25 91 57 95 8 34 26 94 8 83 85 40 95 29 35 23 26 70 2 38 78 10 53 53 22 17 60 86 6 94 0 31 66 89 15 84 70 51 29 16 2 51 18 28 75 43 40 96 25 25 61 83 8 90 6 14 18 66 99 72
23 38 58 85 95 30 8 89 89 97 39 5 78 16 75 77 58 13 0 76 66 50 48 17 62 45 79 83 2 77 39 77 4 82 3 89 54 19 43 38 19 46 53 87 80 14 63 15 55 25 37 28 76 16 36 82 16 48 9 45 95 47 16 81 19 12 57 5 87 47 28 23 14 81 29 21
0 21 63 74 19 85 66 55 44 72 12 92 86 92 13 66 4 15 55 20 26 3 13 51 40 83 20 20 63 35 52 96 42 76 58 14 83 56 19 69 52 77 93 48 39 8 5 65 93 6 87 62 62 15 71 7 15 11 67 48 78 34 15 74 7 52 9 67 52 26 63 55 59 68 18 58 68
88 10 64 30 87 6 83 67 8 27 56 15 67 56 25 59 32 68 71 62 44 67 44 13 59 76 24 65 69 76 15 17 36 5 7 96 64 97 70 52 58 94 50 45 38 27 57 93 47 45 98 32 37 17 99 81 63 57 21 55 87 54 36 42 8 36 54 10 79 74 81 11 62 26 58 43 64 65
42 73 89 48 75 83 99 74 31 63 51 66 45 76 75 81 52 3 69 77 94 72 12 81 70 34 78 56 39 39 99 90 98 87 85 31 99 65 77 75 87 36 6 31 0 68 1 29 62 55 53 22 35 15 33 93 71 50 64 53 94 21 73 89 58 43 55 56 21 94 72 27 96 20 99 92 3 47 0
68 90 67 50 61 20 82 84 99 54 82 39 91 58 79 15 95 30 56 24 25 29 60 48 91 94 54 64 24 53 54 33 29 99 79 19 24 1 17 49 70 80 24 15 32 4 91 24 91 86 80 94 80 60 77 85 87 74 0 25 69 87 16 20 70 15 59 48 77 54 60 25 15 49 38 32 22 86 88 53
86 18 37 51 75 90 24 14 14 14 68 60 14 24 57 41 43 56 30 37 51 60 28 96 73 13 69 63 55 19 87 50 51 2 52 74 68 73 61 43 57 23 39 94 83 5 82 3 30 15 97 23 77 51 92 94 41 64 25 42 53 64 62 86 75 54 84 35 73 59 41 14 3 24 12 28 69 76 57 26 56
17 8 84 45 42 36 78 86 22 33 95 94 19 11 78 37 86 15 54 61 88 11 53 44 55 69 9 74 0 5 48 91 48 51 74 58 73 21 53 49 35 59 93 80 72 78 66 54 89 75 43 92 35 39 5 53 99 0 89 47 86 67 43 35 41 42 0 95 88 66 74 22 70 97 60 49 38 5 93 82 89 77
50 53 84 77 49 18 87 30 48 28 28 61 71 55 16 0 74 98 77 51 87 84 77 32 72 12 77 6 56 92 68 8 92 94 36 42 14 14 33 55 90 89 14 58 25 52 20 54 12 34 85 36 25 43 94 64 81 44 42 60 42 68 7 50 0 50 46 29 20 2 87 27 43 82 51 66 21 49 51 0 46 55 66
30 39 48 58 4 52 51 44 79 85 15 94 77 42 65 15 7 10 81 78 9 48 84 63 77 27 59 96 78 37 81 31 52 3 7 34 53 59 48 19 0 71 37 61 78 2 59 42 82 21 44 3 22 60 93 91 12 42 49 74 59 71 64 49 30 90 3 92 67 4 91 0 38 52 29 84 53 8 88 87 56 32 75 92
10 55 82 26 46 15 12 95 49 26 52 87 93 27 8 17 74 6 88 82 29 62 48 51 34 52 64 43 44 73 48 86 1 29 8 92 16 58 36 53 90 37 61 61 99 67 11 73 98 81 19 14 78 50 33 10 80 99 43 21 83 86 26 5 90 6 49 22 64 98 35 17 99 36 47 28 14 46 52 28 90 21 11 23 88
95 60 17 9 11 89 90 71 51 11 84 59 54 22 8 72 24 40 31 95 31 10 12 22 4 22 93 52 59 94 50 11 55 55 79 31 46 14 37 18 42 27 41 62 86 92 64 19 35 25 59 16 63 74 11 22 88 22 42 9 61 55 46 67 3 71 2 34 71 66 78 96 8 79 59 28 80 73 28 34 69 14 13 8 2 55
19 37 74 91 62 56 41 74 15 93 75 95 52 24 58 17 30 99 12 35 57 48 54 91 84 24 87 24 65 24 78 9 12 42 20 74 48 84 26 47 58 99 14 64 3 55 88 51 52 1 84 18 37 40 71 56 51 93 32 67 75 99 38 68 81 86 80 82 89 8 88 62 82 64 49 45 45 68 35 80 85 17 29 48 41 2 71
10 5 97 10 62 75 11 90 4 58 23 63 32 90 77 59 99 55 41 31 36 59 71 25 29 12 72 63 83 6 39 42 11 35 77 82 46 64 86 90 74 96 56 48 24 81 95 35 71 22 44 81 41 21 40 48 92 73 16 85 44 76 27 57 37 52 79 27 98 8 81 54 60 42 41 84 53 63 26 69 20 59 92 91 57 67 87 66
6 93 3 48 17 51 5 82 15 85 62 71 55 41 24 91 75 5 35 7 71 52 85 0 31 1 45 77 15 29 59 74 55 11 61 91 22 63 6 83 32 9 87 91 92 33 15 8 67 83 61 36 7 96 41 39 48 16 0 38 24 99 69 37 32 88 20 95 54 64 2 95 26 36 92 34 62 58 85 96 49 79 95 0 53 47 6 76 31
80 56 82 32 0 89 1 71 59 54 92 14 10 57 18 40 31 0 42 72 73 87 61 11 63 69 71 12 56 4 83 89 58 9 91 10 94 82 76 22 0 58 26 33 57 27 0 14 69 63 16 87 58 25 22 11 91 28 40 52 73 11 10 16 42 15 99 99 31 42 40 63 60 88 4 12 84 31 86 8 95 46 35 70 1 63 56 19 63 19
56 30 65 18 74 61 39 87 39 74 5 75 99 7 51 61 23 83 1 19 6 81 16 28 96 90 54 89 73 69 36 35 50 66 95 46 80 89 17 80 62 35 98 2 52 75 83 92 98 49 66 45 86 79 88 61 23 78 80 90 23 55 78 30 68 39 72 99 83 70 52 46 1 47 59 26 91 78 94 93 62 50 8 50 29 61 44 93 43 83 37
99 45 15 72 98 88 34 1 77 95 33 33 22 64 14 4 97 45 87 8 89 63 95 36 53 35 87 67 97 77 53 72 0 26 39 74 66 22 6 56 3 80 27 60 7 90 11 77 17 84 4 16 55 48 72 56 99 44 13 98 56 13 91 28 89 84 17 8 3 15 8 66 34 90 46 16 9 12 95 38 63 58 27 62 87 74 76 1 5 56 67 36
58 70 93 55 53 91 63 23 51 99 71 11 74 37 88 25 72 34 14 67 99 38 62 7 13 69 75 87 73 28 1 93 72 21 32 71 70 65 75 31 64 46 56 39 71 58 87 68 1 39 98 88 33 96 68 78 58 68 82 98 99 46 79 74 88 34 32 57 54 68 40 3 74 7 54 82 17 71 13 64 87 80 70 65 88 40 76 43 9 48 17 49 5
36 69 2 73 80 68 57 77 18 90 63 43 87 14 47 83 22 29 89 38 65 12 69 65 42 64 95 94 89 71 62 57 89 95 94 28 68 21 3 5 49 36 36 85 17 16 24 10 62 70 12 83 41 4 2 60 58 71 94 1 78 21 39 48 69 82 65 59 34 6 35 28 40 92 65 91 71 59 91 30 84 82 28 56 97 35 66 73 53 17 10 19 48 98
42 50 48 0 88 69 69 8 25 27 47 61 74 73 54 27 6 99 74 72 98 0 13 25 22 76 14 42 58 51 55 83 9 98 75 78 86 30 30 14 68 82 95 87 24 84 65 89 31 93 29 27 41 24 68 69 94 76 61 37 39 69 86 87 46 58 8 44 63 50 17 53 74 17 82 58 18 87 70 25 7 43 42 53 81 18 7 87 22 42 14 72 59 42 70
87 83 16 41 91 92 18 73 52 22 28 90 18 65 6 74 66 58 66 44 13 3 61 2 24 54 98 37 98 46 81 3 2 81 65 89 25 20 85 31 68 59 46 97 79 68 78 96 88 84 82 75 87 3 9 36 60 46 12 46 35 62 86 84 33 36 21 24 79 91 84 67 16 82 12 17 69 35 94 37 76 1 86 3 59 47 58 30 2 26 47 62 63 78 93 10
79 76 95 14 70 46 73 76 13 44 50 70 96 19 66 97 78 1 8 72 37 46 81 27 91 50 84 91 90 31 27 93 81 41 40 59 16 12 30 7 3 91 63 46 64 76 10 96 49 28 10 58 77 57 77 85 66 49 83 79 52 75 11 28 27 6 33 48 38 38 62 91 13 96 93 90 53 40 95 49 90 66 97 90 34 18 6 77 8 73 60 89 53 70 65 24 0
77 83 79 93 31 18 41 55 15 38 87 99 85 52 21 92 26 53 43 58 68 81 42 92 32 87 85 18 82 82 5 32 68 29 38 75 64 73 81 74 68 39 7 50 47 13 59 8 34 73 85 76 32 97 94 15 24 79 20 21 18 33 70 44 93 1 80 94 92 7 31 66 18 16 64 54 21 98 48 73 80 2 48 17 49 70 34 32 71 89 96 27 27 38 52 92 94 53
37 41 51 4 66 82 71 88 81 75 95 28 36 96 29 5 64 71 16 5 25 64 30 49 55 64 11 45 14 67 40 7 26 63 6 1 43 7 62 84 7 58 30 6 38 97 66 83 49 95 24 84 69 74 25 15 27 4 54 47 33 86 7 19 57 94 32 16 93 36 74 80 4 61 89 1 67 71 65 39 92 49 61 77 27 19 44 6 62 28 95 15 5 80 20 39 92 12 94
8 89 93 37 44 37 73 77 67 35 54 19 83 51 33 64 68 70 43 11 47 79 94 82 77 22 38 45 73 17 91 59 66 15 28 61 96 75 30 1 14 25 15 88 33 76 47 64 19 16 17 22 18 79 51 15 58 35 43 30 66 42 62 67 8 79 94 51 75 93 89 5 93 98 74 99 7 46 8 6 88 74 77 8 39 44 36 71 69 65 12 1 78 38 1 23 77 72 54 3