# seed: 690585480
89
82 88
22 1 46
4 44 78 29
86 91 9 42 81
46 46 43 1 28 30
15 58 70 93 77 88 9
38 61 71 65 18 82 80 67
24 57 74 82 76 88 54 86 71
64 86 73 51 62 88 39 25 88 58
38 15 25 72 88 17 10 62 17 87 5
84 24 25 60 25 21 51 18 62 61 24 27
36 47 3 29 29 60 55 55 97 58 33 98 6
1 96 23 72 83 38 69 0 18 42 40 67 68 24
83 0 82 10 35 8 77 25 72 88 44 49 41 57 7
98 92 3 70 82 88 22 62 92 31 75 56 60 21 47 96
75 55 10 12 26 96 77 15 65 46 41 85 33 89 44 61 87
18 67 74 49 31 55 75 92 72 78 86 48 93 74 16 23 73 92
79 84 55 51 29 4 21 88 5 9 84 77 24 3 54 82 58 0 99
24 14 4 86 97 28 88 83 18 78 68 47 20 32 81 36 14 46 46 24
80 74 71 85 29 15 43 75 3 20 15 57 83 78 12 25 44 6 38 72 22
47 95 83 28 13 39 86 95 35 98 58 34 74 81 76 42 75 98 72 11 69 22
99 58 69 45 19 91 93 20 10 86 3 72 15 25 64 63 33 97 55 5 44 50 60
29 62 54 23 73 23 14 30 5 41 44 52 10 23 85 11 12 29 3 1 34 61 11 75
58 33 24 63 6 26 88 76 93 46 36 96 80 6 16 46 79 93 46 98 52 45 15 46 88
3 24 46 10 35 34 60 98 83 53 59 62 93 75 11 39 92 17 22 46 46 93 41 38 2 58
17 87 24 9 9 30 67 33 82 15 23 93 98 45 27 47 62 0 87 89 91 33 77 24 24 19 11
0 27 49 9 58 49 58 66 63 32 32 6 90 12 66 74 26 30 81 36 78 73 13 52 16 90 21 20
77 91 20 61 30 72 44 12 13 32 53 77 20 79 40 82 40 5 34 56 67 86 12 10 30 44 92 46 77
19 85 2 28 35 85 60 31 65 19 19 96 72 9 30 81 23 9 15 30 8 88 69 4 7 76 22 68 22 22
24 99 18 68 30 10 91 77 8 19 36 39 33 6 53 30 54 3 22 10 51 56 91 67 80 87 10 27 83 87 20
38 74 84 91 13 13 34 57 68 73 69 75 18 94 99 97 63 3 79 54 13 1 11 12 92 67 66 86 23 81 71 18
5 59 26 46 42 98 48 54 4 66 31 65 53 51 87 98 81 34 72 26 93 38 14 75 75 77 91 87 34 69 41 7 66
41 86 71 70 77 88 49 26 69 39 94 0 35 91 76 51 79 68 18 50 96 41 77 83 97 36 65 63 6 51 88 54 98 64
55 85 83 99 36 41 72 42 46 47 6 42 61 86 77 80 58 68 59 76 22 32 37 33 89 25 97 87 93 73 55 15 25 7 75
32 83 34 5 71 78 62 17 64 55 81 30 84 34 94 46 88 66 27 83 0 53 14 53 9 81 42 28 76 97 95 49 75 40 40 18
88 8 10 47 54 66 13 85 92 43 34 13 8 24 68 52 91 87 37 30 83 21 70 50 84 55 7 46 69 53 4 16 7 50 1 41 63
67 85 57 68 11 31 21 28 32 14 28 75 85 22 5 27 64 24 98 0 59 50 38 29 46 45 95 65 47 28 78 55 6 50 84 71 24 33
33 20 80 14 91 72 1 37 22 85 76 96 71 79 49 24 0 23 20 65 27 57 27 52 51 66 95 99 0 6 97 36 85 73 34 95 69 66 10
13 15 15 15 7 48 96 54 65 64 4 99 12 52 61 86 39 55 25 17 57 70 29 82 16 78 30 71 65 66 36 69 4 27 59 37 5 49 10 84
33 74 90 55 95 10 39 37 70 58 71 45 28 18 83 63 45 39 56 42 70 74 51 76 25 83 24 35 97 49 98 41 44 59 55 75 25 81 28 62 14
85 60 91 35 73 30 65 83 61 69 12 15 85 91 57 96 73 46 1 96 66 20 48 2 39 63 12 39 28 8 15 93 95 96 10 2 72 4 26 14 15 83
69 55 74 80 46 21 80 22 23 29 66 91 93 12 93 20 86 93 93 91 26 73 12 52 79 86 66 22 24 90 78 74 60 31 47 37 61 44 13 3 60 69 91
64 21 64 25 64 88 18 22 16 53 60 49 27 93 71 86 64 66 8 41 92 59 86 94 16 61 57 7 81 9 35 11 92 54 35 47 14 71 75 76 48 4 60 50
77 29 64 60 13 28 50 40 71 87 18 60 79 51 96 59 32 33 96 83 5 26 9 36 35 74 55 68 27 29 31 49 3 83 89 99 2 18 81 60 26 39 71 45 71
73 22 84 81 93 64 39 87 59 78 12 77 35 70 56 45 61 83 64 48 11 12 37 83 76 61 96 85 57 70 74 99 36 41 54 51 85 82 95 0 31 43 78 2 39 22
41 42 9 91 31 92 56 74 8 48 63 55 72 17 89 66 41 77 41 66 82 19 33 58 27 2 41 62 78 37 5 64 67 57 48 50 61 83 31 34 66 29 25 5 41 57 81
56 6 99 87 25 47 7 36 73 59 78 26 96 85 47 63 91 10 87 21 46 82 98 27 17 33 37 44 12 87 1 67 0 63 78 82 86 46 85 27 63 34 60 16 86 54 99 54
84 42 40 35 50 79 84 33 10 70 46 35 81 40 21 19 5 15 98 74 54 30 56 85 51 2 7 49 2 65 37 85 2 62 72 23 98 99 54 77 26 45 98 94 54 71 50 43 19
6 42 47 67 3 1 43 21 69 25 7 57 99 13 17 27 16 38 34 50 43 30 38 96 14 65 26 81 37 55 8 48 95 92 74 78 86 10 65 42 69 40 84 44 11 16 22 91 30 51
5 13 50 70 25 58 61 85 61 64 36 76 61 53 8 78 97 84 2 21 74 58 16 85 63 93 62 1 52 91 30 99 10 5 12 25 14 4 37 44 93 53 96 74 40 96 23 29 70 23 60
94 35 8 11 60 24 2 23 28 30 34 86 58 35 81 54 36 28 79 24 91 16 98 19 96 46 21 69 60 52 36 47 95 88 1 30 20 60 82 75 2 33 25 67 20 75 97 27 65 53 35 77
90 32 5 76 58 11 59 82 1 91 52 23 14 52 72 25 94 33 72 85 17 56 96 1 32 74 1 20 2 46 87 51 61 8 68 32 44 94 31 78 82 91 21 17 42 16 38 44 66 89 42 77 55
72 42 28 31 25 41 44 74 2 35 24 63 93 37 5 23 76 32 81 40 37 69 24 88 0 34 31 96 91 90 72 80 77 51 60 37 62 61 60 10 95 28 74 14 45 7 75 22 93 55 35 3 79 26
25 90 15 65 78 0 82 78 37 46 6 84 41 14 63 65 62 85 73 94 66 84 74 65 84 77 76 48 56 78 39 54 79 90 82 22 69 77 21 81 44 51 16 61 47 65 50 65 41 39 94 8 56 49 26
85 59 89 94 53 60 23 88 48 6 79 97 66 75 85 81 59 94 99 27 17 13 68 53 97 82 48 4 39 80 15 43 94 33 9 74 41 54 76 18 43 39 62 19 33 70 13 19 99 87 60 18 13 81 21 59
74 75 17 3 30 26 88 32 88 88 25 61 30 40 10 53 53 62 66 1 46 88 20 80 35 13 44 50 20 17 96 77 58 0 53 76 49 38 30 73 2 12 69 39 76 24 57 57 97 17 27 27 13 66 53 7 62
18 10 83 31 79 7 45 62 8 92 31 78 4 50 7 10 24 50 68 76 8 44 71 14 58 5 56 19 92 27 79 60 94 50 24 49 25 56 61 78 43 91 68 27 75 35 72 47 48 91 67 78 22 60 93 34 21 69
33 12 38 3 75 5 12 5 70 87 28 33 27 83 18 69 58 84 13 24 58 21 25 76 13 57 31 25 17 8 13 90 34 27 44 65 96 73 52 54 69 60 0 12 45 67 52 66 46 38 76 4 99 68 82 90 49 94 67
99 70 0 58 84 82 5 54 53 75 44 39 45 52 29 1 21 74 47 37 58 16 84 37 16 57 20 87 88 92 76 46 90 36 66 53 48 18 53 20 86 93 98 4 74 60 94 19 6 10 0 70 34 79 7 25 76 79 73 73
14 50 47 32 41 91 62 53 36 74 55 86 93 76 15 44 86 49 78 70 45 66 68 83 29 80 58 54 51 90 79 79 60 58 33 81 90 32 52 34 2 97 61 43 90 14 55 82 64 42 73 42 47 0 64 66 71 66 86 49 15
80 70 18 63 61 67 76 86 53 47 9 70 44 72 33 13 90 98 22 68 60 72 46 16 2 69 90 36 83 19 18 90 7 26 29 38 43 72 63 40 16 93 82 54 10 35 54 94 96 24 29 47 94 63 4 60 27 81 48 9 25 68
53 85 5 15 77 69 56 25 48 27 36 81 63 96 36 99 56 88 53 37 30 32 10 97 58 30 35 90 22 57 76 70 14 12 4 14 53 68 55 61 17 22 89 24 11 68 54 95 73 12 71 37 42 51 5 42 10 83 82 15 51 68 41
84 92 38 3 29 21 92 16 94 56 2 91 36 27 40 48 37 70 62 64 89 80 32 22 51 78 87 8 79 84 35 72 10 69 45 58 25 14 44 77 8 2 55 67 42 65 62 13 17 19 6 98 23 56 16 31 96 95 50 49 16 32 17 36
45 27 3 30 70 31 68 4 48 91 77 67 42 96 93 30 64 68 51 51 16 15 82 29 96 17 28 14 28 4 42 31 97 84 40 77 69 20 77 81 25 27 71 21 36 9 37 34 61 69 91 6 68 97 2 35 0 60 72 2 17 87 86 38 13
18 58 81 24 26 30 74 96 66 26 76 24 91 31 2 33 34 12 44 68 44 33 67 7 80 55 49 82 21 46 72 98 66 72 5 4 69 7 65 21 64 62 40 59 83 46 82 20 98 50 91 82 42 22 14 94 49 29 39 51 63 93 23 59 60 97
33 54 83 93 18 23 29 39 89 79 76 46 89 25 79 55 49 44 39 53 27 40 38 6 56 47 40 4 40 29 36 22 53 72 3 50 75 78 96 89 99 29 70 75 0 33 59 77 80 40 6 74 28 46 53 85 0 64 53 89 14 20 50 62 53 56 86
88 98 84 67 23 30 85 26 50 59 51 96 98 94 91 87 78 66 59 56 3 4 33 53 50 42 2 38 71 82 88 98 99 75 74 0 42 35 92 35 54 82 99 48 59 62 26 23 0 44 92 69 8 39 58 36 62 0 30 48 3 6 94 31 21 19 18 37
38 37 16 30 67 24 43 64 55 0 7 69 60 19 33 38 88 96 35 55 14 39 74 20 7 47 44 83 16 54 0 12 83 52 27 62 10 1 16 56 49 25 44 49 2 91 29 32 51 53 88 93 48 4 46 73 75 48 32 37 47 84 35 10 76 48 63 19 62
63 41 76 12 35 56 40 99 12 32 27 64 42 93 55 82 55 63 13 39 21 40 6 35 8 84 51 74 61 46 14 51 72 27 24 65 56 34 85 58 25 79 95 52 33 22 76 63 75 65 74 67 54 34 84 86 99 86 23 65 27 78 7 69 44 89 72 44 59 44
69 72 34 98 36 43 15 11 56 48 41 39 45 74 7 97 83 70 21 42 50 49 67 29 4 1 93 24 56 97 55 17 91 27 65 16 82 89 25 64 92 96 45 58 74 41 37 32 9 79 97 28 44 34 68 69 87 38 25 59 87 55 11 60 12 21 16 26 21 17 26
81 44 99 66 5 54 12 75 21 73 35 28 39 52 67 37 84 76 0 36 24 95 79 20 31 91 33 83 39 1 8 50 46 6 5 81 76 99 74 5 91 48 36 65 31 44 25 12 76 2 88 44 71 14 81 23 37 16 80 48 47 17 78 89 79 0 71 10 13 97 97 67
38 24 93 73 45 27 60 53 19 45 12 75 97 26 17 25 50 60 49 13 80 15 55 87 69 42 44 72 61 46 75 97 5 65 7 0 8 0 96 70 84 9 78 53 38 77 58 93 1 18 20 70 99 17 19 72 22 51 88 64 71 65 93 3 82 62 84 42 33 24 9 60 23
60 62 24 73 68 90 26 92 47 53 65 63 36 61 73 11 63 36 6 64 54 2 73 44 79 6 10 0 87 58 56 23 75 42 34 62 15 87 55 70 26 9 24 70 12 26 1 76 19 31 57 87 64 52 8 63 57 16 49 64 86 60 93 14 24 12 67 86 6 50 33 27 3 42
55 20 70 74 63 18 6 57 86 90 77 49 15 67 7 67 42 74 47 99 91 11 30 24 44 9 29 34 89 27 39 87 52 98 0 49 9 51 88 42 37 49 87 10 46 20 49 54 38 97 67 42 50 94 66 72 17 58 56 1 72 46 69 9 57 83 26 7 99 64 74 3 29 41 91
47 5 46 16 81 57 45 65 95 18 27 19 94 74 74 51 77 24 84 13 38 90 96 2 31 47 74 35 83 11 85 41 96 68 69 79 36 54 52 7 96 0 18 46 1 54 24 61 67 35 93 24 25 96 85 55 86 98 27 4 98 98 30 93 24 96 57 99 28 87 47 20 10 22 27 94
13 10 33 56 67 4 41 50 98 39 73 45 44 33 13 72 56 11 40 83 40 75 82 95 52 65 57 55 69 22 86 59 95 77 32 2 12 83 24 58 10 27 4 19 45 95 26 28 22 98 6 27 24 3 24 96 52 83 15 74 88 27 43 82 70 61 34 5 56 29 19 80 51 75 31 10 92
48 80 91 47 59 40 73 60 91 52 5 73 55 76 91 64 37 22 2 14 59 54 59 65 0 96 93 20 60 54 51 78 8 65 21 59 61 39 61 95 67 88 42 53 45 50 40 18 84 31 7 11 10 25 89 40 94 48 36 70 54 12 24 35 63 19 43 59 93 99 38 99 51 9 60 54 71 81
35 71 84 2 6 90 24 2 91 20 81 11 21 3 52 14 70 23 6 48 88 38 70 75 38 94 67 27 22 92 3 18 69 54 38 31 35 18 54 66 97 3 99 74 65 22 39 79 97 53 55 94 57 84 25 16 51 85 44 55 32 93 93 56 2 41 13 54 84 88 79 13 79 95 67 35 15 15 22
67 97 83 44 48 33 65 90 85 78 31 48 99 39 11 63 84 34 10 12 3 64 10 85 34 85 37 74 15 64 87 38 20 38 47 8 42 84 66 37 47 12 42 85 48 23 57 71 46 73 23 97 11 36 82 65 97 82 49 90 3 87 88 55 28 48 78 63 3 19 38 93 53 3 12 14 83 42 60 13
53 82 56 83 4 98 31 10 11 52 63 1 1 28 52 53 71 11 87 53 49 5 98 7 36 8 18 23 70 15 67 91 34 27 31 95 35 66 86 18 44 53 14 1 70 64 83 47 46 86 4 95 99 19 96 14 7 67 60 93 50 71 42 99 60 50 78 87 49 62 49 46 15 59 23 24 59 54 99 41 36
75 27 11 21 44 50 87 7 72 85 94 92 8 97 49 63 93 6 85 44 17 14 85 49 16 42 37 98 31 78 85 54 28 9 39 99 52 19 26 68 2 67 84 90 10 16 7 92 46 55 32 73 4 1 20 61 69 83 48 17 66 12 89 91 22 86 30 77 92 52 54 17 11 40 57 98 91 84 59 99 55 1
11 73 61 44 67 88 10 13 10 70 84 95 14 64 22 69 96 43 95 43 96 58 78 9 7 87 58 73 57 63 90 96 25 54 28 77 93 9 39 90 9 15 48 49 3 21 94 36 21 61 54 46 8 28 98 13 61 40 52 9 78 61 28 67 39 6 16 27 67 69 0 4 63 11 42 65 97 73 35 89 13 15 60
44 41 35 64 62 40 83 59 98 18 1 57 39 54 59 73 87 85 23 89 56 10 41 35 79 0 52 33 5 68 49 57 86 4 86 13 14 66 39 39 71 53 69 85 68 71 75 51 47 94 96 78 65 36 67 26 80 3 92 99 60 91 59 74 27 69 69 23 94 60 79 91 32 74 44 59 61 44 36 28 69 15 19 10
41 69 72 79 27 31 74 31 41 41 89 54 27 19 10 23 6 87 49 75 45 62 52 13 44 31 16 33 57 40 25 11 30 87 11 95 32 44 68 36 33 66 71 78 70 95 50 1 61 82 72 23 67 8 61 10 11 19 90 80 81 60 61 23 57 67 62 66 76 49 26 9 44 22 81 65 33 65 7 41 73 77 48 8 97
90 64 13 91 8 89 56 43 68 16 68 58 34 48 6 41 83 3 12 54 85 39 88 11 68 37 35 64 76 80 90 12 49 28 68 83 23 95 2 86 12 34 4 80 35 33 46 93 94 64 35 3 92 49 57 8 25 31 30 31 55 26 48 43 4 18 81 9 14 15 13 58 51 66 84 12 5 37 71 20 1 96 91 54 5 64
15 1 60 98 68 77 59 1 62 81 85 10 93 35 11 1 29 20 22 12 12 78 70 28 87 64 97 64 33 96 2 38 59 25 96 17 44 56 19 41 37 49 89 83 84 58 1 12 99 51 97 22 24 86 58 74 37 23 82 19 35 17 6 28 7 16 14 85 97 78 58 74 40 80 75 66 62 78 52 14 23 95 27 9 48 52 43
19 26 36 91 58 70 65 17 11 19 22 49 78 96 80 86 92 15 24 56 86 59 19 88 14 63 69 5 99 64 7 51 39 25 92 1 65 2 92 7 81 38 0 15 43 50 6 70 99 67 12 96 56 43 24 33 36 69 99 14 68 8 29 0 50 99 74 84 75 98 77 8 27 92 13 42 96 89 48 43 43 19 84 3 35 30 30 67
36 85 23 11 23 27 88 36 60 87 74 83 24 84 33 57 38 70 85 50 10 54 9 43 80 92 97 76 31 36 1 47 14 70 25 32 41 11 84 34 13 57 88 95 41 59 36 36 64 67 16 64 13 41 70 48 26 17 26 43 50 64 33 48 54 36 67 37 17 46 95 58 81 10 44 67 62 42 49 79 43 32 15 68 0 54 75 72 25
99 3 10 58 28 74 17 4 16 39 25 48 33 11 68 60 37 7 57 6 3 70 17 13 40 29 66 39 56 68 17 38 81 9 47 7 70 71 85 4 9 77 93 13 77 85 73 46 7 4 47 37 52 5 82 88 91 42 17 39 93 16 50 55 51 35 83 74 59 37 57 2 52 39 16 89 52 69 60 15 47 88 29 4 22 95 67 27 10 83
82 64 20 61 7 65 6 57 45 98 39 68 2 94 84 99 59 24 27 3 64 48 46 73 0 35 69 96 78 57 68 31 4 61 64 69 41 80 97 39 98 52 51 55 29 24 25 48 70 77 14 71 87 7 2 9 64 17 45 59 1 52 25 50 32 95 35 65 2 16 96 74 38 48 57 48 44 12 88 30 13 28 97 80 48 89 54 12 5 59 54
34 18 63 34 16 38 21 3 0 0 42 36 76 76 28 41 41 17 75 24 94 59 14 3 59 48 99 47 0 54 8 36 63 11 41 15 66 30 88 13 16 94 12 17 60 33 47 17 35 23 75 42 23 33 63 38 56 65 95 35 39 52 5 11 43 47 72 39 43 3 71 29 83 28 52 2 51 17 31 44 6 74 85 9 85 30 62 33 26 16 6 66
24 26 5 71 29 82 11 42 16 41 27 67 46 90 44 7 55 23 93 18 57 2 9 81 40 7 35 19 75 42 13 99 36 29 25 31 15 53 66 40 47 10 95 59 33 16 69 52 99 60 96 62 78 64 20 11 5 16 43 34 53 58 50 26 73 1 69 65 3 38 80 74 26 32 60 85 75 59 36 94 31 47 4 46 71 59 16 90 43 56 42 56 9
80 95 44 77 65 12 63 38 95 79 60 64 24 10 13 2 17 15 77 44 38 67 12 17 18 87 55 22 72 23 22 14 24 98 56 71 75 86 66 44 43 6 13 86 5 7 94 72 24 40 95 57 59 86 1 79 95 43 45 59 68 3 48 82 79 17 14 72 28 0 83 72 38 9 37 98 24 70 18 98 31 14 11 70 50 28 21 59 81 65 24 9 55 1
74 87 83 86 83 55 47 77 16 4 68 44 80 54 5 85 15 7 26 16 54 75 92 10 0 87 36 62 77 60 94 10 40 34 2 43 62 16 6 74 82 54 93 63 4 41 51 57 83 93 85 40 26 97 89 39 74 64 29 96 3 68 97 61 58 31 46 95 68 95 82 11 57 39 26 62 74 60 39 29 52 98 0 48 59 83 57 64 75 50 46 21 27 94 20
31 84 2 85 69 28 97 74 43 21 98 37 33 68 78 5 97 23 79 52 86 56 25 51 40 87 81 25 84 32 81 42 87 81 22 67 39 27 57 59 83 25 21 48 68 89 87 68 90 8 36 8 5 9 84 0 5 14 0 73 96 42 41 67 34 75 68 14 60 76 87 45 22 87 78 30 96 14 23 13 80 63 96 7 37 18 39 79 11 71 64 90 7 62 19 8
92 8 12 95 80 39 43 51 5 93 14 3 7 90 39 92 90 64 57 83 29 64 98 54 79 72 65 24 12 63 73 53 72 34 66 11 19 53 66 78 87 17 97 47 94 9 50 96 5 91 5 64 47 75 25 98 49 39 71 15 46 86 97 6 2 71 82 5 72 89 23 66 65 65 67 51 65 0 16 2 88 20 89 4 22 86 85 30 56 38 77 36 27 82 83 74 75
72 47 40 93 44 42 90 78 95 99 29 4 78 66 70 12 78 9 12 58 9 53 84 56 47 1 62 78 28 29 58 67 21 78 66 65 13 16 39 87 61 66 27 32 16 43 71 16 91 52 53 59 41 85 49 22 75 13 40 35 15 65 66 65 50 71 23 32 8 44 89 23 88 16 92 15 37 47 34 65 61 31 82 97 25 17 80 94 14 65 0 17 35 99 49 70 67 94
1 74 50 86 51 63 80 49 84 86 14 14 62 15 74 34 67 4 45 14 94 39 20 23 45 6 25 77 32 69 12 42 58 15 10 19 18 26 25 0 99 58 94 53 97 12 40 77 48 8 50 95 31 38 1 13 36 41 4 81 23 6 85 76 40 43 21 45 45 45 63 83 89 37 33 63 88 43 72 0 73 89 83 25 35 58 29 9 75 26 80 38 29 7 77 24 17 14 82
54 62 16 53 44 91 1 4 36 42 82 34 82 23 87 1 10 29 12 99 61 20 9 46 56 55 73 46 30 36 8 53 86 27 50 33 8 48 20 14 80 17 45 38 12 60 14 11 80 41 59 65 65 85 66 45 20 60 43 90 54 97 73 27 99 12 95 89 42 43 24 47 64 70 13 4 38 34 34 70 63 25 76 85 95 96 53 78 89 29 22 2 59 4 77 87 99 94 20 23