# seed: -88833956
95
98 23
85 5 31
85 66 73 96
95 7 92 27 19
33 86 7 77 6 66
28 54 35 15 20 53 98
69 24 96 42 87 41 54 72
3 30 81 74 13 99 72 3 45
15 57 25 99 83 64 75 21 39 95
98 12 18 34 4 77 28 0 4 71 0
90 25 89 50 72 73 89 42 37 6 77 35
36 82 11 53 8 52 59 66 98 43 1 19 90
30 16 48 87 25 7 14 76 48 92 25 15 33 87
58 39 56 81 73 15 0 96 28 14 65 44 73 82 62
20 23 43 17 79 37 1 69 99 87 30 92 36 50 86 41
81 86 77 89 68 34 28 43 76 52 33 98 83 20 36 72 11
41 31 68 10 91 81 20 91 51 11 45 8 28 61 53 85 87 28
96 35 26 33 55 1 86 73 50 13 63 80 51 20 97 69 80 92 86
76 66 19 44 95 21 64 72 7 73 42 8 83 42 81 73 7 84 65 14
78 33 53 74 6 9 53 4 25 17 74 62 62 64 71 51 38 70 13 51 90
14 99 89 50 35 3 91 38 31 14 90 85 45 92 73 38 73 9 17 60 98 55
7 71 64 31 66 17 52 27 63 88 6 18 71 77 74 24 32 5 86 94 68 49 60
66 91 23 35 68 89 37 60 11 33 70 44 47 76 99 1 25 49 21 19 54 93 40 80
14 16 66 71 83 96 30 90 78 46 2 39 93 43 28 19 23 27 13 83 79 46 17 27 12
17 51 84 39 60 44 92 97 66 59 5 75 97 84 29 72 84 91 74 82 95 42 90 55 71 74
97 19 43 1 2 11 91 24 45 84 79 36 91 38 72 45 13 29 35 28 54 81 55 94 94 66 62
17 42 70 95 9 82 48 47 25 72 59 83 2 86 15 66 49 53 77 40 88 41 40 47 29 12 80 81
55 13 17 83 63 35 17 1 64 35 48 11 53 67 59 56 78 55 91 38 37 14 33 91 35 86 22 68 72
69 75 39 61 70 19 62 20 92 39 15 89 62 76 62 3 91 24 32 43 65 20 58 58 21 54 34 95 89 90
74 19 94 95 61 41 49 24 60 94 18 53 18 10 9 20 85 77 89 5 38 16 22 82 75 44 59 17 43 40 41
84 10 4 43 54 91 71 2 19 5 79 93 67 98 61 19 81 7 86 61 27 97 28 56 17 72 49 87 82 7 86 74
80 95 67 43 40 53 83 14 70 51 2 64 95 27 18 16 29 29 34 7 85 94 0 62 5 42 63 18 56 30 73 76 89
54 34 87 4 75 4 7 24 65 88 64 28 25 91 68 41 70 86 46 44 66 88 44 78 79 97 56 88 20 36 23 97 42 19
83 83 1 79 51 49 56 27 25 92 80 66 83 66 98 13 35 32 87 87 34 68 62 63 20 53 52 80 31 91 72 33 50 80 14
60 69 77 82 45 22 23 20 24 26 50 62 67 26 16 30 7 97 75 88 54 40 56 88 81 45 83 99 84 45 72 32 11 77 37 47
14 64 62 32 37 7 75 85 61 26 96 15 94 7 39 92 1 65 48 23 47 44 5 15 77 11 66 61 24 91 35 77 92 6 89 38 45
16 23 47 57 32 37 70 37 94 72 87 28 70 6 72 66 4 69 33 59 61 47 43 58 11 76 3 37 14 11 64 27 64 72 9 17 87 27
66 20 25 50 75 56 57 61 56 45 25 43 92 18 95 22 0 6 14 96 34 48 53 80 15 80 67 68 27 5 48 73 77 90 52 2 31 72 62
54 4 5 31 35 48 18 45 96 5 44 30 15 76 46 30 6 60 8 54 21 51 59 23 63 82 96 43 70 16 28 11 40 66 54 78 89 42 44 98
56 34 36 37 10 77 13 95 98 37 67 43 78 36 21 28 23 48 83 74 23 1 40 10 68 3 16 83 66 98 79 3 35 15 37 74 11 8 31 17 78
3 57 60 78 67 66 18 42 85 40 34 77 23 57 67 46 19 94 4 56 39 96 11 17 72 61 17 71 33 32 8 34 98 41 23 27 50 55 70 31 51 94
42 73 65 53 24 49 78 89 15 84 57 21 43 49 20 14 6 46 13 38 67 65 82 96 62 52 33 87 51 67 67 67 97 13 51 83 23 65 12 61 3 70 36
28 83 79 41 76 54 57 43 23 35 40 55 86 56 80 62 66 46 5 89 45 45 58 18 40 40 15 73 10 76 38 17 52 14 96 66 85 11 58 27 2 59 34 4
90 62 57 4 24 11 82 37 22 77 33 13 98 61 71 56 44 47 21 44 14 22 60 94 55 23 99 90 12 20 92 67 86 6 18 20 14 73 1 83 78 6 76 65 12
48 56 35 98 54 49 31 28 40 18 75 80 33 74 67 95 22 58 34 76 73 59 28 90 81 76 43 19 2 25 13 30 65 74 16 33 51 19 13 32 19 31 47 37 89 33
91 41 96 83 15 49 92 20 16 71 3 83 73 63 27 78 81 33 14 43 40 49 36 28 27 86 25 70 23 5 83 18 49 81 7 7 36 69 86 5 74 2 38 75 36 7 36
93 66 68 81 40 28 62 79 62 71 88 82 15 67 51 99 63 42 32 39 11 66 44 11 18 1 29 67 28 14 99 32 68 83 79 38 8 94 15 87 7 89 76 72 8 59 54 10
30 16 45 24 3 21 77 15 87 18 71 50 73 77 19 85 1 65 74 38 24 71 37 49 21 88 37 41 23 75 11 42 33 90 8 93 54 25 97 34 4 7 80 55 98 11 86 55 95
3 26 9 79 15 0 39 70 36 44 62 0 35 86 85 87 49 9 42 88 30 32 93 1 8 24 1 48 66 14 24 25 33 78 99 66 42 8 43 32 37 67 2 12 71 75 50 55 56 89
97 74 24 46 74 2 36 12 16 83 39 77 46 69 32 30 71 84 68 37 39 61 33 12 94 26 10 57 1 47 60 3 4 0 3 22 7 87 19 55 26 26 78 12 35 30 47 71 2 47 64
74 49 64 85 10 70 11 50 17 30 62 27 91 76 17 34 65 51 8 98 58 33 94 95 6 37 35 31 96 15 11 84 40 60 44 95 6 89 70 13 35 22 8 24 97 96 66 27 3 46 57 40
39 1 62 26 8 47 90 27 73 36 57 90 19 48 19 82 47 36 0 61 55 11 60 60 90 49 58 0 0 85 34 29 8 79 82 55 59 77 18 43 38 70 37 4 15 30 32 19 57 10 53 4 96
7 12 54 93 39 58 47 60 26 67 10 1 55 24 98 25 56 43 84 48 60 30 20 11 72 42 17 80 29 16 47 56 33 15 91 2 49 5 14 62 78 29 62 4 77 54 38 98 66 5 73 58 12 12
27 37 68 75 68 41 87 81 78 17 45 33 6 42 36 0 70 35 10 18 78 43 88 24 21 56 49 92 31 48 51 36 97 51 76 42 41 83 16 97 17 20 71 18 15 20 3 74 79 39 89 83 13 9 85
67 53 41 67 76 89 90 40 66 31 34 34 63 28 74 9 20 48 4 56 10 23 0 32 64 17 14 55 97 8 58 96 98 64 46 82 21 12 9 48 89 90 37 70 14 47 39 38 13 83 35 6 97 25 67 21
81 60 68 52 86 21 75 16 22 24 15 21 71 66 16 7 66 49 46 94 86 8 12 35 17 62 47 83 7 78 87 42 94 48 40 65 63 71 79 78 78 18 4 37 82 30 64 25 68 15 11 51 5 15 59 31 47
88 73 70 68 21 54 57 83 69 11 4 9 68 6 17 27 18 12 28 26 61 11 9 48 8 65 38 18 35 28 47 92 75 85 27 28 82 48 87 71 78 13 51 6 80 49 35 97 84 16 76 87 54 59 63 97 51 84
77 97 68 61 39 91 21 18 42 63 62 23 23 86 89 13 41 76 95 38 1 27 0 20 83 29 94 43 9 96 34 91 78 50 71 40 46 85 39 26 75 37 52 45 95 25 92 37 13 61 86 63 94 78 78 24 71 60 71
4 41 92 75 7 28 53 39 48 9 9 30 43 15 6 5 21 24 24 41 7 66 27 92 24 52 81 21 47 43 72 32 61 96 58 63 40 92 91 81 6 79 32 44 94 48 11 8 0 10 14 30 36 89 89 14 63 40 16 91
71 92 14 26 58 45 13 55 78 84 22 12 21 29 98 54 58 72 22 85 56 48 92 32 80 79 14 39 94 37 16 71 82 84 44 8 87 73 42 81 17 89 39 36 77 99 82 88 77 2 32 93 51 11 21 23 86 41 68 20 44
53 53 12 49 40 75 39 49 72 89 70 32 72 66 2 26 5 80 10 69 78 34 27 68 22 94 83 16 94 98 24 18 85 46 67 43 85 48 78 59 5 5 46 53 80 99 41 21 38 41 87 39 60 58 60 28 66 46 12 0 86 99
99 35 28 24 80 26 82 29 21 45 13 2 68 26 77 82 26 49 54 96 53 43 29 93 55 46 83 50 26 31 97 1 58 83 20 82 96 60 19 63 5 83 76 33 6 11 23 28 76 58 23 27 75 45 31 56 21 34 65 85 96 80 15
27 76 22 86 53 21 14 4 79 77 34 1 70 11 50 50 15 67 36 27 67 44 40 64 9 65 76 7 24 88 97 0 41 62 93 17 29 84 4 13 55 50 49 57 48 62 41 67 36 44 40 79 26 94 5 19 30 99 85 86 2 40 92 45
11 83 54 58 37 68 69 59 57 27 88 47 20 17 97 56 92 50 5 74 60 23 20 0 1 23 88 45 4 18 2 64 8 19 8 65 29 91 90 56 3 32 72 45 69 38 10 67 49 86 23 25 32 4 25 71 84 3 29 29 74 96 31 55 26
27 0 81 58 40 92 58 71 50 64 21 91 18 40 47 13 47 55 28 75 53 35 12 1 16 21 46 55 51 34 37 76 78 20 39 31 74 36 40 83 44 12 11 32 82 31 60 30 49 32 98 76 14 8 56 90 8 6 87 39 15 21 22 14 97 23
7 97 27 97 42 29 35 20 16 81 88 26 90 25 73 86 8 88 31 6 93 81 10 54 57 19 4 90 51 44 35 37 40 8 9 34 40 16 78 9 4 41 61 22 2 83 90 85 78 86 12 2 93 52 7 89 12 23 74 62 82 46 49 62 15 15 90
90 95 59 29 22 3 34 68 83 70 19 17 50 27 67 97 7 59 38 34 89 15 58 17 69 25 80 53 3 4 95 12 86 33 92 73 23 68 56 79 16 16 88 9 96 28 46 61 71 91 66 64 76 59 56 1 46 30 66 34 31 54 99 80 6 32 26 77
29 68 96 69 87 27 84 62 39 65 84 66 56 33 82 68 14 36 15 26 98 91 45 77 79 54 91 98 5 55 80 70 87 42 13 58 82 63 73 73 32 1 77 14 51 74 9 34 53 29 24 63 41 23 15 24 81 32 13 14 25 54 56 47 1 40 88 33 98
56 81 41 5 1 8 75 79 36 59 43 47 19 25 74 79 83 41 83 35 79 70 79 76 29 81 80 27 35 53 71 62 2 47 91 68 9 25 87 18 81 4 6 3 42 70 85 72 97 47 5 65 20 17 7 79 0 91 34 86 58 35 97 96 50 83 34 33 72 37
27 18 80 11 7 89 21 79 61 67 31 29 50 93 27 51 41 21 24 10 64 93 55 2 9 26 98 72 95 46 95 68 95 12 65 10 31 6 45 54 2 29 35 0 27 81 31 3 32 80 83 34 75 96 71 67 84 89 32 0 41 77 18 77 71 80 40 20 6 45 30
82 45 90 63 50 51 64 57 43 70 46 35 75 22 96 65 74 78 29 51 82 0 38 32 20 47 70 30 5 55 18 67 45 12 34 22 60 22 14 41 79 77 24 11 73 14 60 34 66 99 38 79 14 65 63 66 43 71 13 29 45 66 77 13 7 83 17 92 7 1 0 42
32 2 82 75 96 5 72 26 92 91 39 76 88 63 74 71 23 10 87 43 36 63 43 52 45 44 62 90 21 84 5 93 33 30 80 51 16 46 32 73 95 34 77 23 72 58 54 13 6 50 82 35 42 99 83 19 74 90 42 38 64 57 13 5 59 83 45 40 89 26 41 42 52
3 24 18 54 51 7 13 76 34 22 53 39 86 97 87 63 37 89 38 78 58 5 99 98 54 18 24 31 16 22 65 74 44 16 43 42 26 22 18 32 53 77 25 24 71 58 52 24 40 34 85 65 55 51 55 81 74 15 1 70 49 43 60 70 63 96 41 92 97 86 34 91 80 29
23 75 34 93 5 16 44 39 3 47 47 78 69 24 5 36 46 46 71 24 33 27 78 90 4 92 42 35 22 45 52 95 8 9 75 38 91 84 98 42 76 98 30 39 40 12 10 64 19 19 17 30 5 34 35 32 36 58 85 61 33 56 79 91 78 98 51 29 1 63 20 4 12 0 25
39 25 89 32 97 0 34 0 20 83 90 31 83 74 6 89 61 65 47 30 97 63 54 74 7 0 57 59 69 52 87 27 35 51 22 21 61 53 1 79 18 8 56 18 42 24 20 14 86 23 20 33 77 62 86 55 15 0 48 11 68 78 50 17 19 11 88 63 85 91 25 7 41 88 80 96
3 20 4 1 81 74 47 32 98 79 76 46 9 65 17 84 51 28 84 50 45 13 50 48 28 48 3 39 56 46 61 93 60 37 82 37 32 16 21 42 49 58 85 96 22 50 3 66 48 17 7 42 31 53 9 90 80 10 65 67 39 51 19 41 34 71 23 11 57 54 18 1 6 56 66 8 21
80 19 89 12 41 42 42 52 10 80 70 67 16 40 40 59 63 67 76 89 50 73 82 31 83 45 48 48 19 1 22 78 14 12 49 98 72 49 61 60 9 64 68 26 98 65 33 22 57 49 93 32 30 61 34 31 12 90 14 37 13 72 39 45 9 23 33 16 58 19 68 52 93 24 24 89 5 62
67 42 30 92 78 69 39 52 64 7 13 47 64 71 73 29 26 15 41 95 75 24 16 98 2 58 23 73 34 27 47 73 17 59 14 65 81 98 58 88 91 17 65 41 51 19 27 54 16 15 98 30 45 43 1 89 59 69 43 19 14 70 2 84 39 39 84 7 84 48 90 18 48 45 5 10 5 28 63
17 76 69 83 92 52 13 96 20 32 54 60 37 27 60 80 49 18 84 25 50 97 62 71 15 2 21 85 58 87 0 17 88 27 1 68 74 41 69 83 67 28 55 47 95 7 6 79 66 89 9 76 76 1 22 73 37 61 47 89 8 53 9 90 29 88 56 83 80 38 69 98 14 48 27 12 86 88 71 78
17 29 79 63 54 72 70 92 26 98 58 44 5 51 68 88 90 19 49 38 93 8 67 51 33 87 86 34 98 56 41 18 21 81 20 31 83 2 27 28 88 4 79 2 92 85 5 77 61 29 5 82 69 55 68 31 96 37 89 70 74 45 82 49 69 41 46 67 37 3 97 18 25 88 96 73 62 91 28 60 48
93 58 54 89 66 11 95 7 35 42 28 26 40 95 81 19 18 45 57 36 47 16 77 51 81 51 43 11 36 48 77 6 27 2 19 53 27 78 14 70 88 39 7 64 93 4 8 30 75 75 86 73 6 59 65 44 92 55 88 14 50 2 80 71 80 92 85 76 17 51 24 73 57 60 60 73 48 20 68 73 33 6
98 35 59 67 18 39 71 33 6 83 51 14 74 30 35 1 15 87 19 79 81 68 69 12 23 39 13 17 84 94 11 85 48 23 68 44 40 59 29 72 75 19 17 32 25 45 5 84 74 17 75 98 53 92 81 54 99 98 48 9 0 72 17 57 13 41 63 78 15 2 55 68 11 97 6 36 3 59 69 41 6 95 47
60 44 63 72 9 97 17 9 17 29 11 92 16 36 76 29 64 19 83 36 69 83 66 19 61 39 12 40 76 62 88 60 16 91 2 46 98 85 49 95 65 13 71 95 4 94 68 39 20 29 93 49 60 31 10 4 24 93 96 57 30 95 37 39 63 29 29 12 31 66 82 12 8 38 56 35 52 35 22 59 52 56 94 28
52 91 80 5 97 13 99 36 97 13 1 86 37 5 97 53 7 29 94 74 83 10 70 67 1 90 34 46 44 24 45 12 61 30 53 62 20 0 13 86 48 7 89 74 14 6 28 1 70 49 24 43 90 87 81 56 78 25 31 0 30 57 66 30 0 77 36 3 28 0 14 18 20 14 45 31 25 53 11 93 93 32 26 41 17
28 29 69 51 33 22 33 8 71 1 53 87 72 70 27 26 71 58 37 43 73 31 72 28 51 91 68 83 48 52 45 12 38 62 46 36 49 58 40 48 43 66 30 36 6 6 36 62 60 9 78 80 22 70 7 21 45 18 19 92 9 71 79 70 27 8 84 82 35 8 99 60 31 33 55 75 32 53 4 92 15 19 61 11 63 56
7 73 57 86 9 97 48 55 63 36 37 79 42 56 44 35 73 72 85 54 71 54 21 42 57 60 60 0 99 41 88 9 59 23 61 89 67 24 77 15 21 74 14 15 80 18 55 0 81 94 40 33 24 75 30 46 81 21 87 0 75 28 78 83 9 57 68 73 84 4 48 35 1 28 0 88 67 33 81 58 84 88 44 70 86 98 15
92 29 12 37 3 22 47 89 99 47 65 54 76 36 54 4 36 34 78 70 74 98 75 10 34 27 59 57 17 25 93 72 9 86 25 28 62 19 87 29 31 10 48 59 44 32 59 26 54 82 83 44 26 62 82 61 95 0 23 87 98 70 66 96 72 98 84 78 79 94 66 17 63 22 74 68 32 43 76 73 12 7 48 99 46 2 74 19
94 68 84 79 37 57 40 48 94 42 64 30 27 84 23 94 74 87 2 55 59 6 85 54 79 79 45 37 91 27 49 40 15 99 81 36 22 32 27 71 99 37 74 60 90 17 6 87 5 93 5 30 71 28 48 65 26 68 17 68 61 64 41 87 85 69 63 69 6 70 12 58 90 97 66 0 1 39 15 14 31 8 4 84 51 65 95 42 10
55 14 3 57 65 85 93 4 78 22 72 83 40 98 49 27 49 80 95 34 64 95 56 29 76 48 89 26 74 53 36 90 96 70 98 85 71 58 30 69 21 6 40 38 12 9 40 15 56 0 51 87 28 37 40 94 13 20 5 94 18 86 7 59 55 78 9 51 45 79 73 24 36 87 14 99 2 69 50 22 88 41 50 62 2 70 48 55 74 27
81 26 50 55 29 84 12 78 64 13 88 84 79 16 10 8 52 55 72 91 99 95 79 16 39 36 78 36 1 95 85 12 15 90 1 22 68 38 79 57 36 93 75 9 44 10 82 98 88 92 41 66 25 23 83 21 26 38 89 73 6 55 8 72 53 74 51 90 81 57 16 33 71 5 54 82 75 73 97 57 85 91 46 82 78 81 86 0 75 2 74
5 16 7 96 67 78 98 49 60 75 72 7 8 91 71 38 4 57 2 32 53 26 45 97 64 47 25 85 77 90 42 69 26 43 54 38 8 42 98 14 94 47 83 47 79 79 73 98 70 65 84 61 93 2 28 14 35 15 89 44 79 48 49 87 98 42 96 20 85 13 46 91 3 25 55 34 81 55 81 47 21 29 8 81 63 26 46 75 3 51 34 19
67 31 46 39 48 58 34 87 52 23 22 83 19 96 92 10 16 39 25 28 8 7 33 44 89 99 29 23 12 23 7 94 5 5 35 26 12 71 32 91 30 61 2 98 55 33 45 24 18 71 39 97 23 79 20 50 55 14 71 67 31 2 66 0 44 29 43 83 99 73 17 8 62 73 74 5 89 8 2 45 52 12 90 11 90 86 36 19 19 93 95 97 91
85 63 95 42 43 5 91 84 87 78 93 58 73 42 11 3 60 48 75 74 21 46 97 33 76 2 14 51 78 8 41 60 16 71 66 45 19 99 97 31 17 34 40 72 40 34 65 37 38 71 39 88 26 26 92 49 17 65 25 40 96 20 38 3 58 41 96 14 30 84 45 97 93 21 48 73 78 6 6 86 10 78 97 85 23 72 3 49 64 74 78 86 71 61
20 22 88 18 66 1 46 12 8 56 93 45 80 69 27 22 54 33 87 58 16 34 8 23 50 26 70 73 51 73 32 29 16 19 82 30 53 73 57 59 49 58 5 31 77 40 80 47 94 13 82 18 90 83 97 47 70 62 34 89 42 9 1 43 5 42 55 92 71 0 2 80 73 19 87 74 24 37 91 23 42 59 3 95 22 84 26 40 90 43 37 18 84 45 28
11 91 25 20 76 13 72 85 85 6 25 93 79 11 21 50 39 72 97 1 8 63 20 92 70 55 93 67 21 81 90 12 68 39 86 40 99 31 82 2 37 71 86 55 5 11 72 52 47 58 50 17 78 3 0 54 33 76 58 8 82 41 68 65 20 76 13 93 41 65 53 90 52 26 49 43 62 80 98 13 76 40 6 42 89 32 64 12 25 6 92 79 84 48 30 63
10 83 52 36 45 63 71 55 54 79 3 10 50 94 50 61 20 41 94 66 63 91 8 18 62 40 10 0 28 78 50 38 90 47 89 36 36 52 6 63 15 86 95 35 98 5 50 0 45 77 21 22 95 52 4 72 64 82 4 45 93 83 6 18 20 69 87 87 5 42 95 5 95 84 1 84 58 12 12 95 85 1 7 69 79 79 11 99 43 97 39 4 20 43 35 36 12
68 50 62 57 91 70 33 74 73 49 30 29 45 40 12 45 88 57 69 91 16 14 61 3 16 90 26 48 29 49 11 14 0 63 37 35 49 42 27 84 48 83 41 63 74 60 93 10 83 53 11 0 75 9 8 92 83 21 42 18 75 11 27 26 74 53 99 96 10 73 59 42 21 60 16 33 85 27 5 47 53 50 79 90 36 80 7 74 15 9 53 81 71 11 52 16 73 64
89 23 47 57 5 54 72 59 60 75 8 20 72 63 66 89 48 36 95 43 2 89 91 1 95 26 66 63 2 68 30 20 70 41 1 55 62 97 83 85 76 12 92 64 27 72 43 3 55 47 75 53 69 46 48 73 31 60 37 76 73 66 60 86 79 58 6 22 93 23 55 40 30 45 82 50 48 96 3 65 67 30 50 31 96 99 29 9 74 56 2 45 2 82 91 37 8 16 71
88 42 77 34 38 7 73 84 48 17 41 50 47 49 66 62 89 92 5 67 6 12 62 42 48 63 37 4 2 65 70 43 31 69 77 31 19 2 76 67 48 16 98 73 95 65 22 13 35 43 64 33 70 32 57 81 79 26 57 26 27 65 66 24 72 50 44 19 77 9 40 14 91 79 70 36 11 26 27 93 76 51 1 15 16 59 97 26 39 26 23 73 30 64 68 81 43 69 19 89